8103 lh.AV 0 85 0 0
8104 lh.CeM 170 85 0 0
8105 lh.CL 0 170 0 0
8106 lh.CM 170 170 0 0
8108 lh.LD 170 255 0 0
8109 lh.LGN 0 0 127 0
8110 lh.LP 0 85 127 0
8111 lh.L-Sg 170 85 127 0
8112 lh.MDl 0 170 127 0
8113 lh.MDm 170 170 127 0
8115 lh.MGN 170 255 127 0
8116 lh.MV-Re 0 0 255 0
8118 lh.Pf 0 85 255 0
8120 lh.PuA 0 170 255 0
8121 lh.PuI 170 170 255 0
8122 lh.PuL 0 255 255 0
8123 lh.PuM 170 255 255 0
8126 lh.VA 85 85 0 0
8127 lh.VAmc 255 85 0 0
8128 lh.VLa 85 170 0 0
8129 lh.VLp 255 170 0 0
8133 lh.VPL 255 0 255 0
8203 rh.AV 0 85 0 0
8204 rh.CeM 170 85 0 0
8205 rh.CL 0 170 0 0
8206 rh.CM 170 170 0 0
8208 rh.LD 170 255 0 0
8209 rh.LGN 0 0 127 0
8210 rh.LP 0 85 127 0
8211 rh.L-Sg 170 85 127 0
8212 rh.MDl 0 170 127 0
8213 rh.MDm 170 170 127 0
8215 rh.MGN 170 255 127 0
8216 rh.MV-Re 0 0 255 0
8217 rh.Pc 170 0 255 0
8218 rh.Pf 0 85 255 0
8220 rh.PuA 0 170 255 0
8221 rh.PuI 170 170 255 0
8222 rh.PuL 0 255 255 0
8223 rh.PuM 170 255 255 0
8226 rh.VA 85 85 0 0
8227 rh.VAmc 255 85 0 0
8228 rh.VLa 85 170 0 0
8229 rh.VLp 255 170 0 0
8233 rh.VPL 255 0 255 0
